node labels
3  7  3  3  3  3  3  3  6  7  7  6  7  7
adjacency list
2
1  3
2  4  8
3  5
4  6
5   7  12
6  8
3  7  9
8  10  11
9
9
6  13  14
12
12
edge labels
1   2  51
2    3  135
3   4  47
3   8  47
4   5  47
5   6  47
6   7  47
6  12  50
7   8  47
8   9  50
9   10  117
9   11  117
12   13  117
12   14  117
2   1  51
3    2  135
4   3  47
8   3  47
5   4  47
6   5  47
7   6  47
12   6  50
8   7  47
9   8  50
10    9  117
11    9  117
13   12  117
14   12  117
