node labels
3  6  6  3  3  3  3  3  3  3  6  7  7
adjacency list
2
1   3  10
2  4
3  5  9
4  6
5   7  11
6  8
7  9
4   8  10
2  9
6  12  13
11
11
edge labels
1   2  50
2    3  116
2   10  113
3    4  113
4   5  47
4   9  47
5   6  47
6   7  47
6  11  50
7   8  47
8   9  47
9  10  47
11   12  117
11   13  117
2   1  50
3    2  116
10    2  113
4    3  113
5   4  47
9   4  47
6   5  47
7   6  47
11   6  50
8   7  47
9   8  47
10   9  47
12   11  117
13   11  117
